name: mhc_longread_pipeline
channels:
  - bioconda
  - conda-forge
dependencies:
  - _libgcc_mutex=0.1=conda_forge
  - _openmp_mutex=4.5=2_gnu
  - bzip2=1.0.8=hd590300_5
  - c-ares=1.28.1=hd590300_0
  - ca-certificates=2024.2.2=hbcca054_0
  - hifiasm=0.19.8=h43eeafb_0
  - htslib=1.20=h81da01d_0
  - k8=0.2.5=hdcf5f25_4
  - keyutils=1.6.1=h166bdaf_0
  - krb5=1.21.2=h659d440_0
  - libcurl=8.7.1=hca28451_0
  - libdeflate=1.20=hd590300_0
  - libedit=3.1.20191231=he28a2e2_2
  - libev=4.33=hd590300_2
  - libgcc-ng=13.2.0=hc881cc4_6
  - libgomp=13.2.0=hc881cc4_6
  - libnghttp2=1.58.0=h47da74e_1
  - libssh2=1.11.0=h0841786_0
  - libstdcxx-ng=13.2.0=h95c4c6d_6
  - libzlib=1.2.13=hd590300_5
  - minimap2=2.28=he4a0461_0
  - ncurses=6.4.20240210=h59595ed_0
  - openssl=3.3.0=hd590300_0
  - samtools=1.20=h50ea8bc_0
  - xz=5.2.6=h166bdaf_0
  - zlib=1.2.13=hd590300_5
  - zstd=1.5.5=hfc55251_0
  - pip:
      - toml 

